price,day_change,volume,adjusted_close
155.86,0.28,5909900,155.86
155.29,-0.32,8157400,155.29
155.87,-0.86,6089100,155.87
156.5,0.79,5779100,156.5
155.37,0.17,4968800,155.37
155.45,0.54,4565000,155.45
154.8,0.61,5182600,154.8
153.82,0.01,5428400,153.82
154.25,0.22,7501700,154.25
153.53,-0.16,3588300,153.53
153.6,-0.06,7714400,153.6
153.48,1.37,9916600,153.31
153.52,1.15,8714800,153.35
151.34,-1.26,8144700,151.17
152.8,1.61,6470100,152.63
152.17,1.25,8186000,152
150.96,1.82,12792200,150.79
147.78,0.09,11075200,147.62
147.53,-1.47,10388000,147.37
149,-0.12,6081100,148.83
150.43,0.75,6867800,150.26
149.67,-0.99,10949200,149.5
150.98,0.08,8895300,150.81
151.62,0.62,8616300,151.45
151,0.21,9426100,150.83
152.21,-0.09,6634800,152.04
152.95,0.25,5026300,152.78
152.42,-0.84,7187200,152.25
153.06,-0.68,5774900,152.89
153.71,-0.4,8662000,153.54
154.3,-1.86,9381000,154.13
156.32,-0.55,7626600,155.84
156.69,1.53,9637300,156.21
155.29,0.27,4517600,154.82
154.94,-0.39,6569000,154.47
153.69,0.35,4829600,153.22
153.03,-0.3,5555700,152.56
153.15,1.33,7044000,152.68
151.79,0.32,7917100,151.33
150.47,0.97,4402500,150.01
149.09,-0.61,9001900,148.64
149.12,-0.06,6021300,148.67
149.18,1.16,4577700,148.72
148.11,-0.77,5430300,147.66
147.85,-0.57,6326800,147.4
148.25,0.23,4695500,147.8
148.04,0.62,4842500,147.59
147.5,-0.69,11440200,147.05
149.21,-0.62,5770200,148.75
149.83,0.24,9601600,149.37
149.4,0.54,4227000,148.94
148.64,-0.8,9497100,148.19
149.75,-0.16,3845900,149.29
149.74,-0.56,4174100,149.28
150.5,-0.08,7035200,150.04
151.12,-0.98,10021900,150.28
153.32,-0.95,6372100,152.46
154.44,0.02,4752500,153.58
154.03,0.58,3697300,153.17
154.11,-0.38,4550300,153.25
154.69,-0.64,5071200,153.83
154.54,0.22,4341600,153.68
154.85,-0.52,3582300,153.99
155.79,-0.12,3077100,154.92
156.2,0.73,3620800,155.33
155.89,0,4872400,155.02
154.84,-0.28,11784600,153.98
154.91,-0.49,4211000,154.05
154.93,0.07,2592500,154.07
155.16,0.68,3859300,154.29
155.12,0.58,5483500,154.25
155.1,-0.51,3894500,154.24
155.36,-0.21,3394100,154.49
155.11,-0.01,3165700,154.24
155.12,0.24,4828400,154.25
155.34,0.36,6823000,154.27
154.44,-0.2,6504400,153.38
154.3,-0.3,3594600,153.24
154.64,0.08,2751600,153.57
154.17,-0.25,6349800,153.11
154.38,0.03,5848400,153.32
152.71,-0.06,6126900,151.66
152.79,0.08,5200200,151.74
152.02,0.24,4915600,150.97
151.02,0.3,5528500,149.98
149.54,1.12,2589400,148.51
148.93,-0.22,4873800,147.9
149.42,-0.1,4895800,148.39
148.55,-0.77,6719200,147.53
149.9,0.21,6584600,148.87
148.79,0.49,6326000,147.76
147.3,-0.11,7592300,146.28
146.28,-0.05,14129300,145.27
147.73,-0.3,10968600,146.71
147.58,-2.26,14309900,146.26
151.09,-1.85,9143700,149.74
153.1,1.14,4807900,151.73
151.78,0.15,6693100,150.42
150.66,-0.94,4639300,149.31
151.76,2.02,6208200,150.4
149.86,-2.32,6901000,148.52
151.2,0.12,7012500,149.85
152.21,-0.58,4917900,150.85
152.32,1.16,8087900,150.96
150.25,0.87,15155100,148.91
149.31,-1.91,9426900,147.97
151.64,-0.62,7956400,150.28
152.31,0.77,10861300,150.95
151.1,-1.51,7424700,149.75
153.1,0.24,8231800,151.73
152.84,-0.18,7906200,151.47
153.88,-0.33,9374100,152.5
152.77,0.61,4535300,151.4
152.77,1.1,10474400,151.4
152.84,-0.87,12806500,151.47
153.51,0.23,5734900,152.14
153.04,0,4464700,151.67
153.14,0.72,5503200,151.77
152.45,-0.19,8194700,150.66
152.78,0.9,5770700,150.99
152.13,1.25,5551900,150.35
150.86,0.11,3841500,149.09
151.04,0.13,4138200,149.27
150.84,-0.06,3948500,149.07
150.94,0.81,4087100,149.17
150.26,0.49,5361800,148.5
149.43,0.07,3110600,147.68
149.36,0.1,5929900,147.61
147.96,0.84,4340700,146.22
146.74,-0.82,5372800,145.02
148.02,0.15,8065800,146.28
147.86,0.66,6132000,146.13
146.88,0.33,3242600,145.16
146.76,0.12,4160500,145.04
146.45,-0.57,4963800,144.73
146.8,0.67,10435300,145.08
145.32,-0.06,11711700,143.62
145.14,0.43,6028600,143.44
145.18,-0.92,8277100,143.34
145.95,-0.6,10757100,144.1
147.36,0.38,6974100,145.49
145.81,-2.09,14177400,143.96
148.42,0.43,8710800,146.54
148.4,0.58,6975600,146.52
147.78,0.8,7947100,145.9
146.51,0.43,5492300,144.65
145.95,0.63,3865000,144.1
145.31,1.13,7307400,143.47
145.77,0.41,7520100,143.92
145.14,-1.1,7661100,143.3
146.27,0.4,5672300,144.41
145.38,0.08,8621600,143.54
145.32,0.31,4346000,143.48
144.96,0.61,4128900,143.12
145.28,0.61,4877900,143.44
144.21,-0.88,9603200,142.38
144.9,0.59,5027800,143.06
143.89,-0.23,6075700,142.06
144.81,-0.05,5924700,142.97
144.3,-0.21,9298500,142.47
144.17,0.32,5511200,142.34
144.82,0,10835400,142.98
145.33,0.52,5361200,143.19
144.46,0.02,4319500,142.33
144.4,0.11,5166400,142.27
144.36,0.63,4373000,142.23
143.76,-0.19,5680700,141.64
143.14,0.16,3689100,141.03
142.84,-0.07,4481000,140.73
142.34,0.65,7962300,140.24
141.07,0.71,3619700,138.99
140.74,0.85,6506400,138.67
140.28,-0.17,11383200,138.21
140.6,1.86,7404500,138.53
138.78,0.43,9236100,136.73
137.66,-2.67,10031600,135.63
139.81,0.57,4158500,137.75
138.51,-0.14,7517900,136.47
138.88,-1.12,5974200,136.83
139.97,0.41,3944000,137.91
139.45,-0.06,6111300,137.39
139.86,0.48,3048800,137.45
139.87,-0.36,3387800,137.46
140.05,0.46,3498600,137.63
139.52,-0.1,2542800,137.11
139.73,0.36,3573800,137.32
139.29,-0.3,6637600,136.89
139.58,0.7,3113900,137.17
139.39,0.15,5819800,136.98
138.57,-0.24,6536200,136.18
139.74,0.45,5234900,137.33
138.41,-0.35,3935300,136.02
138.76,-0.47,5496100,136.37
139.23,0.79,3946700,136.83
138.65,-0.2,3167700,136.26
138.62,0.23,4461000,136.23
138.02,0.43,6288000,135.64
137.46,0.27,6397800,135.09
136.74,0.61,4544900,134.38
136.09,0.28,4922500,133.74
135.83,0.46,6227500,133.34
134.89,0.27,3197800,132.42
135.08,0.79,2966100,132.61
134.89,0.23,4298000,132.42
134.72,0.26,4508000,132.25
134.54,0.34,6004300,132.08
133.71,0.31,3898000,131.26
133.06,-0.26,4269800,130.62
133.51,-0.18,6119700,131.07
134.06,0.36,4759300,131.61
133.63,-0.01,8665200,131.18
133.77,0.78,9636300,131.32
